1.8979654230156897
3.238448727272062
7.053081764895624
5.346884560188247
-1.795638603116344
-0.3082265881876764
1.1517881097204805
1.601509710716622
1.3308751824239895
0.5186010967837327
-1.8686140607969774
1.2531959858098065
-2.028437160801902
2.3528793446262535
2.870687044634108
4.881294486290845
0.00510671518183603
0.09474940969853918
-1.4614768289701912
1.2004854218270242
0.13018375806717364
-0.45365991949779194
0.7345643342114783
2.13117195504999
-0.058965628315800545
-0.04138520902191484
-1.6431230417523879
-0.2396192935483808
0.0678299921713405
0.37269678791049765
0.8140455880211217
-0.6790453395511207
-0.19624355997434834
1.2356864931656515
0.9073742580063033
0.7867217732494929
2.2302917255175094
-0.37135122132925524
1.135700390660351
1.452446157145168
1.8174036073130542
0.9893619242863616
-0.5790373472429525
0.8043356645129389
2.695288974446616
2.2275485990056576
5.027085649654836
2.8538355820282053
3.776315612882512
-0.9432647641561247
-2.2944066408568293
-0.2628253943415169
3.4558499577213233
3.768651842444692
3.127791355189726
0.07880633253473107
-1.6164142788597733
-0.29135780432111724
0.41777452717260216
2.128720965864143
3.064744954428232
5.803996540147579
1.2651321002648792
3.5956356376226575
