-1.0465628031946617
1.0857625549159629
1.4373333271335003
-0.44359415142970343
-0.9922845649053238
-0.14809090013547382
0.45835233380237783
2.6972963204671236
-0.2792989352687573
-1.3260247191972034
-1.6568630550444636
-3.607173431837625
-1.2974436726491727
-1.6389925543485766
4.146136163753867
3.8187404742946853
3.9357516666087218
2.833584564380807
1.6137186491541236
1.1893139324995667
-0.32221743894009347
2.4718156588051343
5.259601832474367
4.925652074714214
2.6571764867965535
3.5566100635658358
2.2817753057361134
1.778056847272326
-1.8158751350636535
-0.7434153017537586
2.7147628997751565
2.275877290602621
0.3951797771825134
-0.3724138839898848
3.8413278126576493
2.1164052823235813
2.5853781467298798
1.3096541501189243
2.415173806189602
2.513493787251702
1.8728355148188165
-1.2306494521763898
0.5872019797271905
0.4941154186135599
2.1972778198936656
0.0393765380975572
0.9456857988939542
-0.3645258105910748
0.6211820052217087
2.8870428256472582
-0.2885119108725484
1.7866252182494662
-0.9918040170616087
-1.4793341323350129
2.262502148707117
0.03546376429665682
5.860097610399857
1.2093747872615346
1.50033136452696
0.7785009168617241
1.7758996860479452
-0.4131434221259971
-0.026815969650348825
2.67377827340356
