67.9543196463
20.9814762772
39.1997309868
9.60948931041
25.7676175671
3.19150519826
32.96961365
1.75560364011
32.8604314195
35.9086196095
63.7486429897
12.4128714763
37.558750519
60.0111668869
33.0056806462
43.9244849474
63.8127603225
62.3970247292
62.5248616078
31.3781971665
68.1551240703
30.2141897194
66.8675935176
54.0799622587
58.4070129792
61.3719401922
71.5180489835
61.5107703429
68.6708043956
78.8293459834
62.7114919657
29.8952516235
56.5761977272
44.3123772
43.4469788761
60.184658228
69.3724532818
36.6317367106
57.528561866
70.4257898958
53.4363710497
60.2789574437
56.5919395846
68.086612998
54.2721132965
27.1870859684
55.9212030077
30.7748493382
62.3284965414
71.00758718
13.2908446746
65.1813158173
50.2653232894
58.1080499491
60.6045880873
28.4270141256
21.8064801224
36.9634689317
40.7040081673
52.2558185732
15.7753379298
65.5396997251
32.8389332725
23.3300303407
34.7739920974
0.0
18.4911301091
37.4587211152
21.3884953931
47.9100841319
32.4442609236
51.3343804032
27.5931159029
88.8425362964
60.4615900971
60.3779249912
65.8617475586
57.9678484819
54.9944986062
70.9562472367
23.6930158216
57.6377976189
31.5487126369
20.230846352
64.2900302366
43.5827743363
47.1723451627
13.0045599009
31.357433816
16.3870401168
57.4868909213
52.929018812
60.327851423
48.3468246353
52.5899551317
50.2809121292
65.9408781897
54.759559315
72.2432502883
64.1832498073
43.6633305961
69.9317702967
71.5106474969
74.6334315273
64.3642054725
45.3484418659
75.450310452
50.3467633761
59.1419309837
51.9255204188
46.4588118962
31.4115951933
66.2573242365
31.3906206312
60.4253576868
24.3614910416
85.2655072072
67.2198116581
64.6081585357
75.6425149541
59.5195457234
58.3706416502
67.3377215508
70.4145100711
49.8706119552
47.3995298093
75.7134463744
41.6604480109
65.1612802896
71.9847498905
36.1181023578
39.2768143337
70.0725888707
36.8225056291
41.0892803434
20.0293672984
64.9168239848
10.578217589
52.812667407
57.1427911121
38.9765172766
55.7140270443
63.2023728701
38.0994409009
31.8502041493
42.8754002467
64.8120365124
44.6293982761
46.2581764514
76.7850446961
11.3462158952
37.7420181934
22.4859656957
56.9593177642
16.054025134
27.1677658847
13.8249975758
7.81103558315
27.6866938871
41.1142495463
23.5099621641
24.3961655315
37.5336216281
56.4844958845
31.096410217
33.1132704763
64.4206560553
38.5587356372
46.5431439243
31.5368030376
47.5170668932
33.463309514
60.1808279163
57.6843100912
46.5230834499
47.0223535758
70.1314275384
50.5846795503
61.7279439292
64.8175873236
16.0688393237
23.3057391134
16.7490123399
70.8452393769
26.9049796874
31.6819572776
18.8967510932
22.5261466655
22.0437541114
32.3929290547
42.0335319809
69.9511151889
64.0162975541
59.1014193442
58.0222727316
70.853578101
54.6989196401
81.9299767861
58.6749480271
76.0390378201
31.3266344845
43.9443507725
48.2502648478
48.9299288644
65.0667847309
35.5695126406
62.4576522868
37.138782042
66.1090103952
54.9952138254
44.5626314226
46.5291886276
55.372348552
27.9148368585
67.6159543265
37.081412747
73.2301692234
42.7337443577
43.7319718643
49.5480033214
31.1249122463
58.1798699813
48.560218594
46.1626871647
84.5732227933
34.1865939395
48.3299718155
64.019610599
43.03276089
67.0391170509
5.06002009676
58.9518011684
25.1702255128
49.6362287954
67.3054657763
16.0095580569
43.3150137594
29.4070813065
17.6295630097
17.3060125922
35.6049711393
54.4423127438
46.9136827582
68.1207721673
67.6588638256
41.3157580222
57.2748433447
56.0431554501
49.2578188115
49.8942281385
24.8175026204
43.3110226504
33.1597671037
59.6670735145
23.0620755116
45.1693543837
53.8088022469
18.335364384
42.6935068473
52.1580587666
23.8433605911
10.8109734807
38.8402039552
37.2105375139
21.0345881413
48.0932686701
34.2493011761
9.09710623556
42.6799904084
27.502093494
19.9946359314
56.5822919239
22.2924102554
38.5702052213
36.8079863792
36.7924033728
34.570578505
54.1949148774
17.9729031792
49.9796326575
8.55428914408
43.4668529159
32.9346779551
34.48921989
39.9845277103
37.7955632921
48.836873055
41.3534213061
33.4048777276
18.9924049166
37.9336894366
29.9070143837
35.8767414852
22.6352852992
47.1004030067
75.8887495615
45.9621772164
52.9190284791
36.7662886336
57.5121979419
44.8695147719
55.4539818782
48.7619049511
57.3851869787
58.9752748919
44.5991185483
69.8338291275
48.3716069945
65.3649487944
70.5166644459
15.0953639685
27.0060449123
42.7278520566
51.4285493561
53.4861629321
42.3723813944
72.7821367944
58.544359313
39.9725832498
51.6353158325
31.9389024051
35.8258622388
37.0338291725
39.2778697967
63.825320224
61.1213202289
77.1045904357
14.0729583103
32.5091277834
25.6965358225
22.318717583
30.7464802492
36.78319311
11.8621548373
16.6973651702
19.667391528
67.2462322269
40.037843258
26.9484424611
50.9234145774
64.7372186642
61.7130164615
66.977993359
61.0125266932
67.0015592406
75.7017554569
71.0499371916
58.5554671479
75.2774427809
75.9151650622
67.6230346146
47.7097398921
56.6244389544
66.1695516763
53.0981354117
64.0451924924
63.6514337199
83.2506047624
65.9645229724
62.2385489666
65.358405021
56.2088691355
68.0063967383
44.8656562337
52.8377872734
70.7339028913
69.2481099126
69.1529150432
72.5338800329
77.840106151
25.5848796551
48.0593636334
35.9800047306
12.7339495747
58.4156960846
32.5731568529
30.2087129535
77.7937081928
20.4019664417
50.4660215788
19.9270648952
3.93067801371
14.4169080175
28.9300944969
12.6770217761
44.4117702668
31.7576446243
64.5966045851
18.6090553818
6.54578934879
33.8050898622
55.036929192
60.7506370375
64.3880055916
50.0229810101
79.8904434517
59.3862157586
61.0931687009
62.1710719992
81.4480468083
41.416608128
24.0553568041
51.3636045087
18.462448606
46.4186505149
40.3775046565
63.0918134288
13.6002981529
67.9550951015
20.926835158
36.700526111
50.3294994508
43.7902746957
58.81853272
40.4059550328
49.3005491369
53.014267382
29.3848025056
60.7450242475
73.0831365381
39.9749986621
68.06271518
65.267193907
62.1961381573
78.5529433262
36.2958357718
67.0679812179
77.4899939667
65.3650213793
67.8634890677
46.4722847539
23.9226558145
55.7809494638
39.1867562293
35.7315558853
38.3925054912
49.9724209515
36.0476110544
72.2396029652
30.635132865
38.4652047773
58.4276344251
55.9513583185
57.8928158941
63.6251031583
51.8956100282
54.409544882
40.8386769702
70.8685464841
48.4505086385
52.6148578968
59.3465795744
59.0977976594
51.5211929527
63.9168250324
53.0813093615
50.643043057
31.30932774
49.0387226593
66.7972791468
43.2154219806
54.3975425252
40.1101838957
66.3209917768
38.4900704168
53.9002370404
43.665715074
40.2150535906
58.9039448237
77.1765210744
65.4640757584
46.730425254
64.7091895621
58.2609792743
44.8136054348
66.1767458678
75.9021315745
56.4146763786
67.5309220007
65.8178110488
20.1843934235
49.5212246885
28.5847821867
42.6755642736
47.6808721779
46.9645937385
56.806870553
53.4520236991
26.0136104822
73.9729679634
5.54673032396
30.472668679
44.3617469378
29.1339153126
28.9504420605
7.2302188945
43.9259903416
5.81320739035
43.3675883815
57.1529451235
