-0.686379987278612
-0.870361849774753
2.2192596895323584
2.09594823382585
-0.18484967463482516
-0.7518553023188865
1.7716636000461845
-0.2497644695631181
2.0966387159969075
0.01973135654362268
3.594482426452486
0.6770683205387118
1.8491422687575587
-1.2509044001099123
-0.5246275072893736
1.5019587051953536
2.0884889522198433
1.4976400359080562
0.7561901158954625
0.2159052405742476
-2.254905460963155
4.39928520151909
4.076483929072157
4.229479875797088
1.1228140694244042
2.670758512665725
3.5522021320966237
2.1782948632113133
-0.6123655579686991
-0.2592391097259097
2.1470664227005427
1.8173194263427666
2.441097123608241
-1.434029280596779
-1.6244847010886905
-1.1148883834429015
1.9483497123589486
0.052899170457129
0.6398518631491787
-3.0161190798334956
0.5000089041862121
4.0125300498036
2.9879948327087185
-1.8197065922213513
-3.096827323172779
-3.001051001674039
2.0035141883854455
1.5410340629536532
3.3457454855127047
0.2820511166808129
-1.3771578695059024
-1.3200967857290142
-1.4200327748954562
-1.1733876943370818
1.7960573383051857
2.3874257707589654
6.060959772892077
-1.8109023560595394
1.092353752493744
0.8659794402698044
0.5479813485563882
0.22666637081109214
-1.5365017416461102
2.0870431531754354
