4.615087319017014
-2.9660562398557087
-2.1454220853155657
-4.406988576848399
0.12075894667100762
-0.5247221538689991
1.4796966063897221
1.0643850297898134
0.8225393274816364
-2.5508753550433205
-0.14612243809683195
-0.36851924439130784
2.97914180619947
0.2641992948508835
0.7302498647064329
1.5874902153642942
0.6165513740605966
-2.8695525913318005
3.0478014912368376
5.056715352535626
3.6791457480335485
1.1159420605401045
2.248756209314447
0.3833147601289259
0.3097894514796547
1.8141316501365257
2.633619586731836
3.0557609543911037
1.0027370335219317
-1.1502776495733797
-0.3751277319516226
-1.1262227010048564
0.943815683162732
0.09367216992052507
1.398653653188683
-1.2346304034933835
-0.23189346049179588
1.386631588727157
0.4620207934477853
2.0039737923859864
-0.44362399263750135
-0.03866934390860022
0.345550084473024
-0.1451459046733123
-0.30920169679496096
-1.6175965964293895
1.839881397829096
1.6573708332656634
-0.5638442704920517
0.05262580564606412
-0.2512838542975585
0.18688961170479607
3.7312650703393873
3.7216985442156734
4.092522358326121
2.0820987671256725
0.36148236877619006
-1.1947628004078188
2.866825041738946
1.984673324323265
3.05019347692853
-0.11615598687699957
-0.4737799145155556
0.08931614216620176
