-1.4287326586403033
0.9280382487992291
1.8529080083098093
1.0938573528790145
2.8420662568813393
1.2642448819315681
-0.5444935096097403
-1.0192543434330763
-0.03647015619411298
0.0018956656289152995
0.2565006072839228
0.9415049904625152
0.048275450392926134
1.1395807350932186
0.755935448951065
1.2121198767381018
0.931384272812005
1.5542704253680997
1.7618567879364169
3.366137676023996
1.6434562330322793
0.6342087460295671
2.258194037531811
1.1972313921802507
0.703780670352135
0.3882882259053582
1.4988761215432844
0.2681784824353012
1.0413229231042522
0.6712010001734241
1.7638994953206302
1.9791330165745868
0.36167844309593594
0.9444197519496427
1.1517727452269098
1.6675046842295425
1.4222117553058697
2.930910262732587
3.5397475423223055
2.4226767342301843
2.137354312129577
1.0516665428794043
-0.09368067960422222
0.9670362258839251
-0.13329969202927983
2.181390981450499
1.8884574778788137
1.4501236899028203
1.3558369706658118
0.3527433415392598
-0.1757384812252461
-0.28285000817991884
0.7993700754199666
1.5982338708059665
2.88473662945021
1.7909992442581428
1.2284441235054138
0.8573505093279441
-1.3608297157916702
-0.5220410953420425
-0.6976216590046911
1.3253898782334705
0.9522093174146267
1.4124876362522425
