2.0042515676666848
-1.6076960817619161
0.5172670369805872
-0.34523990514122505
3.272068738119996
-0.1764922810231671
-1.8131572739564947
-0.1475650426264769
-1.3540942776338845
3.4072611006006617
1.990383822458948
0.6971039846990505
0.29185893289832066
0.8276124812176898
2.8028459019082446
1.144348703442462
0.8632105645179287
3.1404153085090636
-2.13187378179469
2.9829281563733687
0.11069936955379273
0.7884091149628697
2.6728516615315883
1.2607436017333615
-0.788855895691038
0.9384244965625033
0.5742466791273775
-0.2754431831395909
-2.2755005777583532
-2.9935798244775027
1.16450579283687
-1.6650627929004906
2.2745155273800486
0.5827735681395465
4.2903338577319765
6.00499514996488
-0.7361830533593046
-1.3623447027840996
3.685715345369108
-0.5254053399601919
2.802069903377019
3.9667683406358822
0.5618283716448003
6.6155613185643505
-0.5489163664836461
-1.9528187554930458
-1.3343963444709095
0.05571373006473801
0.8994516235653074
2.9785095426501726
0.9598452084400095
2.963937389607132
4.726935323683969
-1.8922705532797068
1.4137791838655627
-2.3468648986668854
2.8467428783805753
-5.598402500211621
2.764498135188486
2.198877720700148
3.186431004808257
-0.9283347742231607
0.4808522664016087
0.6246029216192162
