2.4428640036039564
4.4304699232345115
6.434033264496672
5.732379705737088
1.1085695979876076
-0.6903168876314434
-1.0131024472574055
1.1090995928331189
0.6200295787667176
1.588340474484602
2.3815614266038483
1.445890128432664
2.1019300925862243
-0.8270019400006723
1.819222216776363
0.833511935633714
-1.9177927072097796
-1.32286264965962
2.875182112546412
1.0102727389235802
2.336433486891557
4.124559692985094
1.6701961743789744
4.932845362976961
-1.2067932667547354
1.194187369928755
1.3694663969869083
2.063069863985466
-1.3636230529415265
-2.0679218643774613
-0.84393063826083
2.2554689927825535
1.9279103201047467
-1.511393104081923
0.14745685977047995
0.24272125227802893
-2.558189389352538
2.4029147593411713
2.4560678816253034
0.035301840748221014
3.0022990618980208
4.35619405021198
1.8380961445251707
-0.23006422568952822
-2.564854264338829
-0.31437218017712565
-0.1679322177491439
-1.7509514088314169
-0.28428397078219264
1.060392099923446
-0.14275646861155072
-1.7883609314676523
-2.6206533693703946
1.741891442776396
3.3159284749438673
2.8682479268836696
1.7488423604515653
1.2723074878787126
1.0756460954254472
-0.26509367616459883
2.4038833376145323
-0.5965033562237483
0.9919182624071342
4.9533831957026475
