-1.976998815417367
-2.803634382102567
-4.289785400167305
0.2921496236853405
-0.5338644315177035
0.23513964454844632
0.4121003134628767
-0.08582606306420643
1.1946295274184318
2.162307960773832
-1.2787166233989349
0.6891852285667215
1.107767956588683
1.5115723960808551
1.2031681838615604
3.885902850177585
-4.392665195094704
2.4717233486477688
-2.0229851993090042
0.2809582263309755
1.8554111619393219
1.6518781076350273
4.128360675905708
0.2414126178942928
-0.6136319479986436
2.223089907990852
-1.5550337607578584
-4.657200794531416
0.705504041261733
-6.183741489682233
0.45179163658888516
-0.21677085183347122
-1.0166384658908911
1.9699568667466432
1.7588605965815298
-0.027089550905623094
-0.18565053366498385
3.032734725163813
1.0828548332453733
-2.6099878260358023
2.1037030722074013
4.542639369495657
3.311210929360662
3.793558856505011
1.7564682871575312
2.2789052244942876
-0.8874914957919491
-0.15345552464218115
1.303719165182946
1.1942087402378916
0.14631485532577
-1.1144605777388148
3.530288503259138
1.1456803757220857
4.7496422776832725
1.9494286837074701
-0.4468931136278483
-0.10231867847291243
1.8522889386140713
4.509188993734503
8.076457194357943
2.860917160937226
3.8228832638966237
1.6023424123114731
