0.9376394857313717
5.059474807475678
-1.7063962627972766
-0.6469485665023342
4.759288006663844
5.721503636348609
3.913973150347513
1.842825300178783
1.24284637166073
3.1620579229635077
1.107967770546387
1.8709595757872266
4.913293729736922
4.4809292960403955
6.922735279322262
1.7878970132279086
0.041451201134500515
4.8905331702916595
0.47556001641241785
1.3143386266500845
1.5068991430036998
1.6110362995656653
2.4733652473812446
1.7603471981477932
0.5638071985731667
-1.0220324696420353
0.4535095179873667
0.4647328689385555
0.5074718151771027
2.6444068080486716
-0.11011572614748277
0.8718811273564042
-1.3192686541929581
0.19610053646999853
-0.15275756572700938
-1.8923874982398787
-1.9648429387023794
1.5163410898203507
0.21144687030073311
-0.9852312837299673
-0.979700851582467
-1.1876177073625724
-0.24459085391495655
-0.23169971364266573
-1.5781269544072871
-1.005758064451309
-0.7914725996606842
0.07813587211074269
0.9991001833360844
-0.8220815474347702
0.7836961145921457
0.6136985276719051
-0.30992944009300283
-1.707436438177006
-0.06671107708002921
0.27910935923871283
0.5957381671168451
0.1520648693548361
-0.0013368225602424788
2.477555510057504
0.4846667590553311
-1.0148813975676174
4.1002471099168725
2.3291656191708405
