-0.5695357820083304
-1.1979592542832391
2.12110651194157
0.5444269686624692
1.1772761199806645
-0.09147555513735339
1.3085292815869662
2.1080297608614744
0.5198907052074027
2.950030555469738
1.772538090844872
1.8062121666864384
2.3445215904683914
-0.7407854855945246
0.8346881078508477
3.601693815901606
-0.27675666602068777
1.9165617540190276
-0.3860518513923764
2.0917427243567204
2.3344785662688126
3.4395864169205552
-0.039216409186059564
-0.7028433342331685
1.0910884999968504
1.131363939295051
1.1801644253226742
3.468863150325598
-1.4470146305673797
-1.583350439167533
-0.8525861980338121
0.22972037521827887
1.116267437508332
1.2275143638250818
0.48948935922943443
0.9110750162330126
3.806033725187546
3.3923724655924072
2.262852583644811
2.570849397790342
-0.1353221460620177
0.14735867850980483
0.005173161656000735
0.6727562068833537
1.2235905611543019
3.7638413570826934
2.405651478767976
2.0442822206723434
-0.88547158274524
-0.14133361211267825
0.7444321574644902
-0.5036325770629322
3.1457787176077976
-1.1793276490697906
2.3766381725816994
1.3823931610230482
-1.270547892421983
-2.845626988186348
1.0303361628095078
2.5455580132841176
3.8048907295739625
-1.177363432131914
-1.62989040922198
3.9312474758248976
